Timestamps for Over the Rainbow

Finger 1
5.780
7.229
18.795
28.915
36.144
40.480
43.373
50.602
57.831
65.060
74.457
75.180
83.855
89.638
98.300
104.096
106.988
112.771
122.891
128.403

Finger 2
8.675
10.120
17.349
23.132
33.253
39.397
44.820
49.155
52.048
59.277
63.614
72.289
82.400
86.745
92.530
95.421
105.540
117.108
117.830
124.337


Finger 3
14.458
20.240
31.800
53.494
60.722
70.840
80.960
93.976
102.650
109.879
115.662
118.550
121.445

Finger 4
13.01
26.024
34.698
46.260
62.168
66.500
69.400
77.349
78.072
91.084
101.200
114.217
120.000
125.896